{
  "nbformat": 4,
  "nbformat_minor": 0,
  "metadata": {
    "colab": {
      "provenance": [],
      "authorship_tag": "ABX9TyNwpqS8RB6+S/GGFu74acDs",
      "include_colab_link": true
    },
    "kernelspec": {
      "name": "python3",
      "display_name": "Python 3"
    },
    "language_info": {
      "name": "python"
    }
  },
  "cells": [
    {
      "cell_type": "markdown",
      "metadata": {
        "id": "view-in-github",
        "colab_type": "text"
      },
      "source": [
        "<a href=\"https://colab.research.google.com/github/JaiderSantos/metodos1_JaiderSantos_NicolasGomez/blob/main/Parcial2/Parcial_2_Algebra_Lineal.ipynb\" target=\"_parent\"><img src=\"https://colab.research.google.com/assets/colab-badge.svg\" alt=\"Open In Colab\"/></a>"
      ]
    },
    {
      "cell_type": "code",
      "execution_count": 2,
      "metadata": {
        "id": "YJgAcUU1Ezcr"
      },
      "outputs": [],
      "source": []
    },
    {
      "cell_type": "code",
      "source": [
        "import sympy as sym\n",
        "import numpy as np\n",
        "from scipy import integrate\n",
        "import math as math\n",
        "import matplotlib.pyplot as plt\n",
        "from scipy.special import roots_legendre\n",
        "import numpy as np\n",
        "import matplotlib.pyplot as plt\n",
        "from IPython.display import clear_output\n",
        "import time\n",
        "import copy\n",
        "\n",
        "C = np.array([8.51, 10.68, 12.24, 13.66, 15.37, 17.15, 19.66, 24.69])\n",
        "Ca = 1000000\n",
        "\n",
        "\n",
        "def func_de_retorno(C, w, Ca):\n",
        "    # Ensure w has the same length as C for element-wise multiplication\n",
        "    w = np.resize(w, C.shape)  # Resize w to match the shape of C\n",
        "    Pro_elem = w * C\n",
        "    menos1 = Pro_elem - 1\n",
        "    RTA = np.min(Ca * (menos1))\n",
        "    return RTA\n",
        "\n",
        "\n",
        "def func_de_retorno_max(C, w, Ca):\n",
        "    # Ensure w has the same length as C for element-wise multiplication\n",
        "    w = np.resize(w, C.shape)  # Resize w to match the shape of C\n",
        "    Pro_elem = w * C\n",
        "    menos1 = Pro_elem - 1\n",
        "    RTA = Ca * np.max(menos1)\n",
        "    return RTA\n",
        "\n",
        "\n",
        "class Robot:\n",
        "    def __init__(self, f, Id, T):\n",
        "        self.Id = Id\n",
        "        self.f = f\n",
        "        self.h = np.zeros(T)\n",
        "        for i in range(T):\n",
        "            self.h[i] = np.random.uniform(1.0, 100.0)\n",
        "        self.h /= np.sum(self.h)\n",
        "        # Initialize r with a random value or a specific value\n",
        "        # r should have the same length as C for element-wise multiplication in func_de_retorno\n",
        "        self.r = np.random.rand(len(C))  # Initialize with random numbers between 0 and 1\n",
        "        self.rate = 0.05  # Initialize mutation rate\n",
        "\n",
        "    # The following methods should be indented to be part of the Robot class\n",
        "    def Mutate(self):\n",
        "        self.r += np.random.normal(loc=0., scale=self.rate, size=len(self.r))\n",
        "\n",
        "    def GetR(self):\n",
        "        return self.r\n",
        "\n",
        "    def SetFitness(self):\n",
        "        self.Fitness = self.f(C, self.GetR(), Ca)  # Pass 'Ca' to 'f'\n",
        "\n",
        "        # Fine tunning\n",
        "        if self.Fitness > 0.05:\n",
        "            self.rate = 0.005\n",
        "\n",
        "    def GetFitness(self):\n",
        "        return self.Fitness\n",
        "\n",
        "\n",
        "def GetRobots(N, tam):\n",
        "    Robots = []\n",
        "\n",
        "    for i in range(N):\n",
        "        r = Robot(func_de_retorno, i, tam)\n",
        "        Robots.append(r)\n",
        "\n",
        "    return Robots\n",
        "\n",
        "\n",
        "Robots = np.array(GetRobots(500, len(C)))\n",
        "\n",
        "\n",
        "def GetRobots(N, tam):\n",
        "    Robots = []\n",
        "\n",
        "    for i in range(N):\n",
        "        r = Robot(func_de_retorno, i, tam)\n",
        "        Robots.append(r)\n",
        "\n",
        "    return Robots\n",
        "\n",
        "\n",
        "Robots = np.array(GetRobots(50, len(C)))\n",
        "\n",
        "for i in range(len(Robots)):\n",
        "    print(Robots[i].h)\n",
        "\n",
        "\n",
        "# tasa de exito\n",
        "\n",
        "def Genetic(Robots, epochs = 500):\n",
        "\n",
        "\n",
        "    # Guardamos los mas aptos\n",
        "    N = int(0.5*len(Robots))\n",
        "\n",
        "    # Mirar la aptitud más pequeña en cada epoca\n",
        "    Fitness = np.array([])\n",
        "\n",
        "    for e in range(int(epochs)):\n",
        "\n",
        "        # actualizamos informaicíón\n",
        "        for i,p in enumerate(Robots):\n",
        "            p.Mutate()\n",
        "            p.SetFitness()\n",
        "\n",
        "        #clear_output(wait=True)\n",
        "\n",
        "\n",
        "        # Ordenamos los robots por fitness\n",
        "        scores = [ (p.Fitness, p) for p in Robots ]\n",
        "        scores.sort(key = lambda x: x[0], reverse = False)\n",
        "\n",
        "        # Tomamos lo incides hasta el % porciento\n",
        "        Temp = [r[1] for i,r in enumerate(scores) if i < N ]\n",
        "\n",
        "        for i,r in enumerate(Robots):\n",
        "            j = i%N\n",
        "            Robots[i] = copy.deepcopy(Temp[j])\n",
        "\n",
        "\n",
        "        # Miramos el fitness de cada robot\n",
        "        Fitness_ = [  r.GetFitness() for i,r in enumerate(Robots) ]\n",
        "\n",
        "        # Guardamos la aptitud promedio\n",
        "        Fitness = np.append(Fitness,np.mean(Fitness_))\n",
        "\n",
        "        if Fitness[-1] < 0.0001:\n",
        "            print('Entrenamiento terminado')\n",
        "            break\n",
        "\n",
        "        #ax.legend(loc='upper center', ncol=1, bbox_to_anchor=(-0.2,0.9),frameon=False,fontsize=10)\n",
        "        if e % 10 == 0:\n",
        "            clear_output(wait=True)\n",
        "            # Imagen para pintar\n",
        "            ax,ax1 = Plotter(e)\n",
        "            for i,p in enumerate(Robots):\n",
        "                ax.scatter(p.GetR()[0],p.GetR()[1],marker='.',color='r',label='Id {}'.format(p.Id))\n",
        "            ax.set_xlim(-5,5)\n",
        "            ax.set_ylim(-5,5)\n",
        "\n",
        "            # Funcion de Fitness\n",
        "            ax1.set_title('Fitness function')\n",
        "            ax1.plot(Fitness,color='k',label='Id {}, {:.2f}, {:.2f}, {:.2f}'.format(Robots[0].Id, Robots[0].GetR()[0],Robots[0].GetR()[1],Robots[0].GetR()[2]))\n",
        "            ax1.set_xlabel('Epoch')\n",
        "            ax1.legend(loc=1)\n",
        "\n",
        "            plt.show()\n",
        "Genetic(Robots)\n",
        "\n",
        "params = np.array([ p.GetR() for i, p in enumerate(Robots)]).mean(axis=0)\n",
        "params\n",
        "\n",
        "# punto g\n",
        "\n",
        "Pesos = np.array([0.185, 0.152, 0.137, 0.125, 0.116, 0.107, 0.096, 0.082])\n",
        "\n",
        "# ganacia minima\n",
        "min_ganancia = func_de_retorno(C, Pesos, Ca)\n",
        "print(\"En el peor de los casos el retorno seriade\",min_ganancia)\n",
        "#pocible maximo del retorno de inverción\n",
        "max_ganancia=func_de_retorno_max(C,Pesos,Ca)\n",
        "print(\"el retorno maximo posible seria de\",max_ganancia)\n",
        "\n",
        "#cuanto se invierte en cada opcion\n",
        "invercion=np.zeros(len(Pesos))\n",
        "for i in range(len(Pesos)):\n",
        "  invercion[i]=Pesos[i]*Ca\n",
        "print(invercion)\n",
        "Total=np.sum(invercion)\n",
        "print(Total)\n",
        "\n",
        "\n"
      ],
      "metadata": {
        "colab": {
          "base_uri": "https://localhost:8080/"
        },
        "id": "hl0aAEGhE1b0",
        "outputId": "a941c091-d2c1-4ed1-a2c4-6212002882a6"
      },
      "execution_count": 29,
      "outputs": [
        {
          "output_type": "stream",
          "name": "stdout",
          "text": [
            "[0.21702095 0.00321659 0.16327776 0.1783217  0.08076364 0.00601537\n",
            " 0.13508562 0.21629837]\n",
            "[0.12803023 0.05588193 0.18684623 0.01634281 0.19010802 0.09783688\n",
            " 0.17745549 0.14749842]\n",
            "[0.23577967 0.15578992 0.10202172 0.1013747  0.22085903 0.07656109\n",
            " 0.04726675 0.06034711]\n",
            "[0.13060554 0.05894474 0.19415964 0.13549573 0.21290251 0.16275924\n",
            " 0.0772889  0.0278437 ]\n",
            "[0.11969121 0.22297915 0.07826155 0.02339778 0.06604502 0.14784548\n",
            " 0.11604018 0.22573964]\n",
            "[0.07851888 0.14509701 0.05684064 0.0112486  0.15155467 0.17200482\n",
            " 0.19156536 0.19317003]\n",
            "[0.02139629 0.02605764 0.23297587 0.18009095 0.17565767 0.17008652\n",
            " 0.01018184 0.1835532 ]\n",
            "[0.01339952 0.07292156 0.21902775 0.06951528 0.0432026  0.10368794\n",
            " 0.23325877 0.24498659]\n",
            "[0.18325027 0.17893512 0.04611691 0.14109119 0.07073689 0.00450792\n",
            " 0.15830547 0.21705623]\n",
            "[0.04577379 0.15324083 0.16059889 0.08161838 0.15713923 0.1086455\n",
            " 0.12646304 0.16652033]\n",
            "[0.12137811 0.13236752 0.05796471 0.18984588 0.15983231 0.10179977\n",
            " 0.17653362 0.06027807]\n",
            "[0.17385188 0.18512665 0.04734355 0.17403064 0.05665885 0.0584182\n",
            " 0.18370374 0.1208665 ]\n",
            "[0.02508823 0.15064098 0.2411592  0.08299058 0.19665701 0.04117097\n",
            " 0.00645414 0.25583889]\n",
            "[0.10509602 0.04940854 0.2155345  0.21235361 0.00893046 0.2083677\n",
            " 0.0657865  0.13452267]\n",
            "[0.19936595 0.1056007  0.08403853 0.05750322 0.00810661 0.19249348\n",
            " 0.19740979 0.15548172]\n",
            "[0.07349811 0.12135443 0.21593684 0.0663438  0.00557219 0.16329638\n",
            " 0.21625719 0.13774105]\n",
            "[0.30543665 0.01677032 0.0356961  0.10910194 0.17688564 0.19356576\n",
            " 0.02679109 0.13575249]\n",
            "[0.06739965 0.05801141 0.22608064 0.1407054  0.14063576 0.23852937\n",
            " 0.07600878 0.05262899]\n",
            "[0.04316295 0.21310243 0.16291158 0.24083152 0.12721671 0.11622047\n",
            " 0.03826029 0.05829404]\n",
            "[0.13568634 0.13861815 0.02830816 0.118887   0.11738905 0.2330411\n",
            " 0.01448106 0.21358914]\n",
            "[0.05948984 0.16683189 0.25248433 0.13241241 0.05989552 0.16122839\n",
            " 0.00604544 0.16161219]\n",
            "[0.03984304 0.2882723  0.16975345 0.05171876 0.21018116 0.0409664\n",
            " 0.18313219 0.0161327 ]\n",
            "[0.0643913  0.13393504 0.1543681  0.16364518 0.12086742 0.17983338\n",
            " 0.11879108 0.0641685 ]\n",
            "[0.01087349 0.09024847 0.01990685 0.23919261 0.19576602 0.04855048\n",
            " 0.2332895  0.16217259]\n",
            "[0.1387317  0.06174942 0.14488349 0.31191008 0.16359428 0.01842953\n",
            " 0.03009909 0.13060241]\n",
            "[0.06502489 0.10640895 0.07407959 0.09583977 0.09936354 0.12020268\n",
            " 0.22724778 0.2118328 ]\n",
            "[0.20121779 0.0202903  0.1668426  0.11146184 0.02814997 0.21926899\n",
            " 0.10533223 0.14743627]\n",
            "[0.11336757 0.18238556 0.14657308 0.08865591 0.04407402 0.09929298\n",
            " 0.1362221  0.18942877]\n",
            "[0.14635587 0.21761588 0.01016556 0.02315253 0.05288216 0.05121601\n",
            " 0.23399671 0.26461528]\n",
            "[0.22130349 0.18259452 0.03583523 0.10710687 0.03196361 0.22668056\n",
            " 0.04333574 0.15117998]\n",
            "[0.0953375  0.25287061 0.05731957 0.13421535 0.03114861 0.21903264\n",
            " 0.12714114 0.08293458]\n",
            "[0.22319243 0.16794411 0.05936528 0.02423829 0.03015285 0.09049079\n",
            " 0.25993453 0.14468172]\n",
            "[0.10960254 0.22970364 0.20410696 0.10043378 0.09062075 0.03486208\n",
            " 0.16186126 0.068809  ]\n",
            "[0.10927618 0.15466486 0.01405853 0.19384282 0.13558702 0.1013183\n",
            " 0.17055411 0.12069819]\n",
            "[0.06127142 0.08231094 0.30497867 0.02866547 0.30425226 0.11986182\n",
            " 0.03479079 0.06386863]\n",
            "[0.08016026 0.14470337 0.14269414 0.14040647 0.18601678 0.09637769\n",
            " 0.08090856 0.12873272]\n",
            "[0.06370155 0.03578413 0.18887792 0.10041036 0.19858025 0.0894266\n",
            " 0.1817775  0.14144168]\n",
            "[0.23004825 0.20383431 0.06916374 0.06612004 0.16622028 0.03695827\n",
            " 0.01900096 0.20865414]\n",
            "[0.21910409 0.22626703 0.19678263 0.04057168 0.02018362 0.23252232\n",
            " 0.03782077 0.02674786]\n",
            "[0.22153032 0.04434933 0.03583575 0.15973648 0.11018859 0.12248779\n",
            " 0.22980966 0.07606207]\n",
            "[0.11268174 0.17734438 0.15954658 0.08684253 0.13297829 0.14114478\n",
            " 0.18569435 0.00376736]\n",
            "[0.11370267 0.17948366 0.15548096 0.20285581 0.08607331 0.03169258\n",
            " 0.04463873 0.18607227]\n",
            "[0.16984448 0.14098204 0.02441286 0.0775017  0.10584907 0.18623122\n",
            " 0.07010363 0.225075  ]\n",
            "[0.02465305 0.10711607 0.16935607 0.07239647 0.13027314 0.12627295\n",
            " 0.22208823 0.14784402]\n",
            "[0.22759947 0.0090029  0.11995905 0.09851247 0.15764638 0.00770671\n",
            " 0.18430375 0.19526926]\n",
            "[0.07377219 0.16619734 0.18676987 0.17124897 0.03155525 0.05446539\n",
            " 0.17566517 0.14032583]\n",
            "[0.15258126 0.20824259 0.06073962 0.1975301  0.06693912 0.07675731\n",
            " 0.22191183 0.01529818]\n",
            "[0.10340942 0.15073599 0.14952974 0.11508516 0.06421094 0.14538878\n",
            " 0.20704147 0.0645985 ]\n",
            "[0.19376957 0.07245522 0.05936381 0.21481453 0.10478392 0.04398786\n",
            " 0.1326893  0.17813579]\n",
            "[0.12089761 0.03160601 0.06180536 0.21718062 0.10617284 0.01594554\n",
            " 0.18970585 0.25668617]\n",
            "Entrenamiento terminado\n",
            "En el peor de los casos el retorno seriade 574349.9999999999\n",
            "el retorno maximo posible seria de 1024580.0000000002\n",
            "[185000. 152000. 137000. 125000. 116000. 107000.  96000.  82000.]\n",
            "1000000.0\n"
          ]
        }
      ]
    },
    {
      "cell_type": "markdown",
      "source": [
        "No seria rentable realizar una ivercion de esta forma debido al riesgo de perdida frente a la baja posibilidad de ganancia siendo ma probable perder dinero que ganarlo sinedo que para el mejor de los casos el retorno es de 1024580 lo que da como margen de ganacia neto tan solo 24580 pesos."
      ],
      "metadata": {
        "id": "xIhhjB0BGYgB"
      }
    }
  ]
}